2 767706256650 -60.6192169 -3.9757228 -7.3631215
1 767705436983 8.0077066 -0.9913492 5.7260327
4 767705436983 -3.1111047 -0.1292299 -0.5319997
2 767716233983 -60.4727745 -3.8075621 -7.3008876
1 767715432233 7.9023619 -0.9099463 5.8672905
4 767715432233 -3.1451933 -0.1441436 -0.5277386
2 767726222816 -60.3438301 -3.8833742 -7.2483864
1 767725427483 7.9670053 -0.8524854 6.3030353
4 767725427483 -3.1643679 -0.1516005 -0.5202818
2 767736234483 -60.0780144 -3.9270744 -7.3297014
1 767735422733 8.0843210 -0.9362825 6.4849944
4 767735422733 -3.1707597 -0.1792973 -0.5149555
2 767746218983 -59.6881142 -3.6943893 -7.4142895
1 767745417983 8.1729069 -0.8955811 6.5951281
4 767745417983 -3.1803470 -0.2144510 -0.5106944
2 767756244733 -59.3532448 -3.3312271 -7.2535682
1 767755413233 8.2662802 -1.0176854 6.6262527
4 767755413233 -3.1824775 -0.2357563 -0.5117597
2 767766274400 -59.1258049 -2.9924865 -6.9035754
1 767765408483 8.3548660 -1.0847230 6.6023107
4 767765408483 -3.1835427 -0.2517353 -0.5224124
2 767776211733 -59.0912018 -2.6433845 -6.5250487
1 767775403733 8.3381071 -1.2307693 6.4826002
4 767775403733 -3.1856732 -0.2645185 -0.5405218
2 767786217733 -59.3485451 -2.3510182 -6.2152510
1 767785398983 8.2375498 -1.3576620 6.4299278
4 767785398983 -3.1941953 -0.2613227 -0.5586313
2 767796252650 -59.7686234 -2.1807425 -5.9847574
1 767795394233 8.1393881 -1.2762592 6.3844380
4 767795394233 -3.2027175 -0.2496048 -0.5724798
2 767806220566 -60.0941772 -2.0653670 -5.8006511
1 767805389483 8.0316486 -1.2642882 6.3652844
4 767805389483 -3.2218924 -0.2400174 -0.5831324
2 767816280483 -60.2210541 -1.9025455 -5.6974144
1 767815384733 7.9119387 -1.2642882 6.3413424
4 767815384733 -3.2453282 -0.2357563 -0.5863282
2 767826204483 -60.2650528 -1.6602150 -5.6383901
1 767825379983 7.8209591 -1.2235867 6.5041480
4 767825379983 -3.2804818 -0.2325605 -0.5841976
2 767836189566 -60.2756004 -1.3833429 -5.5230832
1 767835375233 7.6988549 -1.1397897 7.0380549
4 767835375233 -3.3220272 -0.2474742 -0.5746103
2 767846250566 -60.1344604 -1.1522064 -5.1439009
1 767845370483 7.7204027 -1.1733085 6.8489132
4 767845370483 -3.3614419 -0.2986069 -0.5554355
2 767856219900 -59.8226204 -1.0183632 -4.3648520
1 767855365733 7.7970171 -1.2355577 7.0141129
4 767855365733 -3.4008567 -0.3305649 -0.5341302
2 767866403150 -59.5800705 -0.9203643 -3.4673924
1 767865360983 7.8353243 -1.1900679 6.9063740
4 767865360983 -3.4402714 -0.3476091 -0.5149555
2 767876206816 -59.6561775 -0.7698016 -2.7578530
1 767875356233 7.8161707 -1.2523171 6.7603278
4 767875356233 -3.4743600 -0.3540007 -0.4947155
2 767886221733 -59.8174438 -0.6610575 -2.3601809
1 767885351483 7.8281417 -1.2044331 6.7052612
4 767885351483 -3.5191011 -0.3412175 -0.4787365
2 767896233399 -59.7498970 -0.7348601 -2.1827543
1 767895346733 7.9071503 -1.2451345 6.8848262
4 767895346733 -3.5659726 -0.3231080 -0.4606270
2 767906171316 -59.4379768 -0.8366951 -1.9823223
1 767905341983 7.8879967 -1.3983635 6.9901710
4 767905341983 -3.6085832 -0.3188470 -0.4425175
2 767916336066 -59.0042801 -0.8055584 -1.6398404
1 767915337233 7.8449011 -1.6306010 6.8393364
4 767915337233 -3.6639769 -0.3284343 -0.4276038
2 767926184483 -58.6799431 -0.7170786 -1.1339971
1 767925332483 7.7060375 -1.7167922 6.7746930
4 767925332483 -3.7310886 -0.3316301 -0.4094943
